ros2 run camera_calibration cameracalibrator --size 7x8 --square 0.017 --no-service-check -p chessboard --ros-args --remap image:=/raw_image



sudo chmod 666 /dev/ttyUSB0


[image]

width
2592

height
1944

[narrow_stereo]

camera matrix
1443.903630 1.202746 1295.131657
0.000000 1448.206356 971.550376
0.000000 0.000000 1.000000

distortion
0.106390 0.892701 -5.806265 3.156656

rectification
1.000000 0.000000 0.000000
0.000000 1.000000 0.000000
0.000000 0.000000 1.000000

projection
1443.903630 1.202746 1295.131657 0.000000
0.000000 1448.206356 971.550376 0.000000
0.000000 0.000000 1.000000 0.000000






NHY2


mono pinhole calibration...
D = [-0.29753901405570893, 0.08930762349827921, -0.00048611768508755466, 0.0002893589601206632, 0.0]
K = [1588.1956990660867, 0.0, 1337.0863965320975, 0.0, 1590.571819144923, 1051.471161736479, 0.0, 0.0, 1.0]
R = [1.0, 0.0, 0.0, 0.0, 1.0, 0.0, 0.0, 0.0, 1.0]
P = [1242.0013961174357, 0.0, 1355.7310185298497, 0.0, 0.0, 1389.3309843101667, 1074.045695278426, 0.0, 0.0, 0.0, 1.0, 0.0]
None
# oST version 5.0 parameters


[image]

width
2592

height
1944

[narrow_stereo]

camera matrix
1588.195699 0.000000 1337.086397
0.000000 1590.571819 1051.471162
0.000000 0.000000 1.000000

distortion
-0.297539 0.089308 -0.000486 0.000289 0.000000

rectification
1.000000 0.000000 0.000000
0.000000 1.000000 0.000000
0.000000 0.000000 1.000000

projection
1242.001396 0.000000 1355.731019 0.000000
0.000000 1389.330984 1074.045695 0.000000
0.000000 0.000000 1.000000 0.000000



